20091231
20101231
20111231
20121231
20131231
20141231
20151231
20161231
20171231
20181231
20190527
20190606
20190611
20190614
20190615
20190618
20190626
20190627
20190702
20190705
20190711
20190714
20190716
20190724
20190802
20190805
20190806
20190807
20190808
20190809
20190812
20190814
20190815
20190819
20190827
20190828
20190830
20190904
20190905
20190910
20190912
20190917
20190918
20190920
20190922
20191003
20191005
20191008
20191014
20191018
20191019
20191021
20191022
20191024
20191025
20191028
20191111
20191113
20191119
20191125
20191126
20191127
20191206
20191208
20191213
20200109
20200115
20200121
20200128
20200130
20200213
20200215
20200220
20200224
20200227
20200302
20200305
20200306
20200309
20200310
20200315
20200320
20200326
20200327
20200331
20200401
20200406
20200408
20200409
20200423
20200507
20200508
20200513
20200515
20200519
20200521
20200529
20200531
20200602
20200603
20200604
20200605
20200607
20200623
20200629
20200701
20200703
20200708
20200709
20200715
20200717
20200720
20200721
20200727
20200801
20200810
20200811
20200816
20200819
20200820
20200821
20200826
20200828
20200831
20200911
20200914
20200919
20200922
20200928
20200929
20200930
20201001
20201002
20201008
20201009
20201013
20201015
20201019
20201021
20201023
20201103
20201110
20201112
20201113
20201117
20201123
20201126
20201128
20201201
20201202
20201203
20201205
20201214
20201229
20210106
20210111
20210112
20210113
20210114
20210120
20210121
20210122
20210128
20210205
20210208
20210209
20210212
20210301
20210302
20210304
20210308
20210310
20210311
20210325
20210328
20210330
20210409
20210411
20210413
20210418
20210420
20210421
20210422
20210501
20210505
20210506
20210507
20210517
20210518
20210519
20210520
20210521
20210525
20210529
20210601
20210602
20210603
20210606
20210608
20210609
20210610
20210614
20210616
20210623
20210629
20210709
20210713
20210716
20210720
20210730
20210804
20210807
20210816
20210824
20210825
20210830
20210902
20210904
20210906
20210912
20210914
20210918
20210920
20210921
20210923
20210924
20210927
20210928
20210929
20211001
20211008
20211013
20211015
20211016
20211020
20211029
20211102
20211118
20211121
20211122
20211201
20211203
20211206
20211207
20211208
20211209
20220104
20220113
20220125
20220126
20220128
20220131
20220202
20220203
20220204
20220206
20220208
20220210
20220212
20220214
20220215
20220216
20220228
20220303
20220304
20220310
20220314
20220317
20220319
20220320
20220321
20220401
20220407
20220416
20220422
20220426
20220429
20220512
20220514
20220519
20220520
20220523
20220531
20220602
20220603
20220607
20220610
20220612
20220614
20220615
20220617
20220625
20220626
20220628
20220630
20220707
20220711
20220712
20220713
20220714
20220727
20220729
20220809
20220810
20220812
20220819
20220822
20220823
20220827
20220910
20220912
20220915
20220917
20220925
20220929
20221004
20221005
20221007
20221008
20221009
20221011
20221012
20221014
20221018
20221022
20221101
20221103
20221105
20221107
20221118
20221121
20221126
20221207
20221208
20221209
20221210
20221212
20221223
20230118
20230125
20230128
20230202
20230204
20230206
20230210
20230215
20230223
20230302
20230303
20230307
20230308
20230309
20230316
20230318
20230325
20230328
20230402
20230418
20230419
20230422
20230426
20230427
20230428
20230503
20230520
20230522
20230601
20230602
20230606
20230613
20230707
20230708
20230714
20230716
20230809
20230810
20230812
20230817
20230819
20230822
20230828
20230829
20230830
20230904
20230906
20230907
20230908
20230913
20230926
20231015
20231025
20231031
20231103
20231106
20231107
20231108
20231109
20231113
20231125
20231127
20231129
20231130
20231201
20231204
20231205
20231208
20231213
20231215
20231219
20231220
20240110
20240111
20240113
20240115
20240118
20240119
20240123
20240125
20240129
20240201
20240208
20240211
20240214
20240306
20240307
20240309
20240317
20240326
20240327
20240328
20240404
20240405
20240414
20240417
20240424
20240502
20240504
20240514
20240515
20240603
20240612
20240614
20240620
20240701
20240704
20240722
20240726
20240731
20240916
20241025
20241211
20241219
20250106
20250107
20250114
20250123
20250216
20250218
20250304
20250310
20250317
20250318
20250329
20250402
20250411
20250414
20250420
20250423
20250428
20250501
20250507
20250509
20250517
20250518
20250523
20250811
20250812
20250815
20250818
20250820
20250821
20250827
20250829
20250903
20250904
20250915
20250925
20250928
20251014
20251016
20251020
20251023
20251103
20251106
20251113
20251118
20251125
20251201
20251215
20251218
20260207
20260211
20260214
20260217
20260218
20260227
20260302
20260305
20260310
20260327
20260401
20260408
20260410
20260415
20260420
20260422
20260504
20260511
20260513
20260517
20260518
20260601
20260617
20260622
20260624
20260630
20260702
20260706
20260707
20260709
20260710
20260715
20260719
20260720
20260803
20260812
20260903
20260904
20260910
20260911
r10442
r8588
r9186
r9705
r9924
